0.0
0.0
0.0
0.0
0.0
0.0
0.0
0.0
0.0
0.0
0.0
0.0
0.0
0.0
0.0
0.0
0.0
0.0
0.0
0.0
0.0
0.0
0.0
0.0
0.0
0.0
0.0
0.0
0.0
0.0
0.0
0.0
0.0
0.0
0.0
0.0
0.0
0.0
0.0
0.0
0.0
0.0
0.0
0.0
0.0
0.0
0.0
0.0
0.0
0.0
0.0
0.0
0.0
0.0
0.0
0.0
0.0
0.0
4.31034482759
11.4942528736
18.6781609195
25.8620689655
33.0459770115
40.2298850575
47.4137931034
54.5977011494
61.7816091954
68.9655172414
76.1494252874
83.3333333333
90.5172413793
97.7011494253
104.885057471
112.068965517
119.252873563
126.436781609
133.620689655
140.804597701
147.988505747
155.172413793
162.356321839
169.540229885
176.724137931
183.908045977
191.091954023
198.275862069
200.0
200.0
200.0
200.0
200.0
200.0
200.0
200.0
200.0
200.0
200.0
200.0
200.0
200.0
200.0
200.0
200.0
200.0
200.0
200.0
200.0
200.0
200.0
200.0
200.0
200.0
200.0
200.0
200.0
200.0
200.0
200.0
200.0
204.109589041
212.671232877
221.232876712
229.794520548
238.356164384
246.917808219
255.479452055
264.04109589
272.602739726
281.164383562
289.726027397
298.287671233
306.849315068
315.410958904
323.97260274
332.534246575
341.095890411
349.657534247
358.219178082
366.780821918
375.342465753
383.904109589
392.465753425
401.442307692
413.461538462
425.480769231
437.5
449.519230769
461.538461538
473.557692308
485.576923077
497.596153846
509.615384615
521.634615385
533.653846154
545.673076923
557.692307692
569.711538462
581.730769231
593.75
605.769230769
617.788461538
629.807692308
641.826923077
653.846153846
665.865384615
677.884615385
689.903846154
701.923076923
713.942307692
725.961538462
737.980769231
750.0
762.019230769
774.038461538
786.057692308
798.076923077
801.664025357
803.645007924
805.625990491
807.606973059
809.587955626
811.568938193
813.549920761
815.530903328
817.511885895
819.492868463
821.47385103
823.454833597
825.435816165
827.416798732
829.3977813
831.378763867
833.359746434
835.340729002
837.321711569
839.302694136
841.283676704
843.264659271
845.245641838
847.226624406
849.207606973
851.18858954
853.169572108
855.150554675
857.131537242
859.11251981
861.093502377
863.074484945
865.055467512
867.036450079
869.017432647
870.998415214
872.979397781
874.960380349
876.941362916
878.922345483
880.903328051
882.884310618
884.865293185
886.846275753
888.82725832
890.808240887
892.789223455
894.770206022
896.75118859
898.732171157
900.713153724
902.694136292
904.675118859
906.656101426
908.637083994
910.618066561
912.599049128
914.580031696
916.561014263
918.54199683
920.522979398
922.503961965
924.484944532
926.4659271
928.446909667
930.427892235
932.408874802
934.389857369
936.370839937
938.351822504
940.332805071
942.313787639
944.294770206
946.275752773
948.256735341
950.237717908
952.218700475
954.199683043
956.18066561
958.161648177
960.142630745
962.123613312
964.10459588
966.085578447
968.066561014
970.047543582
972.028526149
974.009508716
975.990491284
977.971473851
979.952456418
981.933438986
983.914421553
985.89540412
987.876386688
989.857369255
991.838351823
993.81933439
995.800316957
997.781299525
999.762282092
1005.42763158
1011.59539474
1017.76315789
1023.93092105
1030.09868421
1036.26644737
1042.43421053
1048.60197368
1054.76973684
1060.9375
1067.10526316
1073.27302632
1079.44078947
1085.60855263
1091.77631579
1097.94407895
1104.11184211
1110.27960526
1116.44736842
1122.61513158
1128.78289474
1134.95065789
1141.11842105
1147.28618421
1153.45394737
1159.62171053
1165.78947368
1171.95723684
1178.125
1184.29276316
1190.46052632
1196.62828947
1202.79605263
1208.96381579
1215.13157895
1221.29934211
1227.46710526
1233.63486842
1239.80263158
1245.97039474
1252.13815789
1258.30592105
1264.47368421
1270.64144737
1276.80921053
1282.97697368
1289.14473684
1295.3125
1301.48026316
1307.64802632
1313.81578947
1319.98355263
1326.15131579
1332.31907895
1338.48684211
1344.65460526
1350.82236842
1356.99013158
1363.15789474
1369.32565789
1375.49342105
1381.66118421
1387.82894737
1393.99671053
1400.16447368
1406.33223684
1412.5
1418.66776316
1424.83552632
1431.00328947
1437.17105263
1443.33881579
1449.50657895
1455.67434211
1461.84210526
1468.00986842
1474.17763158
1480.34539474
1486.51315789
1492.68092105
1498.84868421
1505.01644737
1511.18421053
1517.35197368
1523.51973684
1529.6875
1535.85526316
1542.02302632
1548.19078947
1554.35855263
1560.52631579
1566.69407895
1572.86184211
1579.02960526
1585.19736842
1591.36513158
1597.53289474
1602.88076152
1607.68203073
1612.48329993
1617.28456914
1622.08583834
1626.88710755
1631.68837675
1636.48964596
1641.29091516
1646.09218437
1650.89345357
1655.69472278
1660.49599198
1665.29726119
1670.09853039
1674.8997996
1679.7010688
1684.50233801
1689.30360721
1694.10487642
1698.90614562
1703.70741483
1708.50868403
1713.30995324
1718.11122244
1722.91249165
1727.71376086
1732.51503006
1737.31629927
1742.11756847
1746.91883768
1751.72010688
1756.52137609
1761.32264529
1766.1239145
1770.9251837
1775.72645291
1780.52772211
1785.32899132
1790.13026052
1794.93152973
1799.73279893
1804.53406814
1809.33533734
1814.13660655
1818.93787575
1823.73914496
1828.54041416
1833.34168337
1838.14295257
1842.94422178
1847.74549098
1852.54676019
1857.34802939
1862.1492986
1866.9505678
1871.75183701
1876.55310621
1881.35437542
1886.15564462
1890.95691383
1895.75818303
1900.55945224
1905.36072144
1910.16199065
1914.96325985
1919.76452906
1924.56579826
1929.36706747
1934.16833667
1938.96960588
1943.77087508
1948.57214429
1953.37341349
1958.1746827
1962.9759519
1967.77722111
1972.57849031
1977.37975952
1982.18102872
1986.98229793
1991.78356713
1996.58483634
2001.38610554
2006.18737475
2010.98864395
2015.78991316
2020.59118236
2025.39245157
2030.19372077
2034.99498998
2039.79625919
2044.59752839
2049.3987976
2054.2000668
2059.00133601
2063.80260521
2068.60387442
2073.40514362
2078.20641283
2083.00768203
2087.80895124
2092.61022044
2097.41148965
2102.21275885
2107.01402806
2111.81529726
2116.61656647
2121.41783567
2126.21910488
2131.02037408
2135.82164329
2140.62291249
2145.4241817
2150.2254509
2155.02672011
2159.82798931
2164.62925852
2169.43052772
2174.23179693
2179.03306613
2183.83433534
2188.63560454
2193.43687375
2198.23814295
2203.03941216
2207.84068136
2212.64195057
2217.44321977
2222.24448898
2227.04575818
2231.84702739
2236.64829659
2241.4495658
2246.250835
2251.05210421
2255.85337341
2260.65464262
2265.45591182
2270.25718103
2275.05845023
2279.85971944
2284.66098864
2289.46225785
2294.26352705
2299.06479626
2303.86606546
2308.66733467
2313.46860387
2318.26987308
2323.07114228
2327.87241149
2332.67368069
2337.4749499
2342.2762191
2347.07748831
2351.87875752
2356.68002672
2361.48129593
2366.28256513
2371.08383434
2375.88510354
2380.68637275
2385.48764195
2390.28891116
2395.09018036
2399.89144957
2404.69271877
2409.49398798
2414.29525718
2419.09652639
2423.89779559
2428.6990648
2433.500334
2438.30160321
2443.10287241
2447.90414162
2452.70541082
2457.50668003
2462.30794923
2467.10921844
2471.91048764
2476.71175685
2481.51302605
2486.31429526
2491.11556446
2495.91683367
2500.71810287
2505.51937208
2510.32064128
2515.12191049
2519.92317969
2524.7244489
2529.5257181
2534.32698731
2539.12825651
2543.92952572
2548.73079492
2553.53206413
2558.33333333
2563.13460254
2567.93587174
2572.73714095
2577.53841015
2582.33967936
2587.14094856
2591.94221777
2596.74348697
2601.54475618
2606.34602538
2611.14729459
2615.94856379
2620.749833
2625.5511022
2630.35237141
2635.15364061
2639.95490982
2644.75617902
2649.55744823
2654.35871743
2659.15998664
2663.96125585
2668.76252505
2673.56379426
2678.36506346
2683.16633267
2687.96760187
2692.76887108
2697.57014028
2702.37140949
2707.17267869
2711.9739479
2716.7752171
2721.57648631
2726.37775551
2731.17902472
2735.98029392
2740.78156313
2745.58283233
2750.38410154
2755.18537074
2759.98663995
2764.78790915
2769.58917836
2774.39044756
2779.19171677
2783.99298597
2788.79425518
2793.59552438
2798.39679359
2803.19806279
2807.999332
2812.8006012
2817.60187041
2822.40313961
2827.20440882
2832.00567802
2836.80694723
2841.60821643
2846.40948564
2851.21075484
2856.01202405
2860.81329325
2865.61456246
2870.41583166
2875.21710087
2880.01837007
2884.81963928
2889.62090848
2894.42217769
2899.22344689
2904.0247161
2908.8259853
2913.62725451
2918.42852371
2923.22979292
2928.03106212
2932.83233133
2937.63360053
2942.43486974
2947.23613894
2952.03740815
2956.83867735
2961.63994656
2966.44121576
2971.24248497
2976.04375418
2980.84502338
2985.64629259
2990.44756179
2995.248831
3000.0501002
3004.85136941
3009.65263861
3014.45390782
3019.25517702
3024.05644623
3028.85771543
3033.65898464
3038.46025384
3043.26152305
3048.06279225
3052.86406146
3057.66533066
3062.46659987
3067.26786907
3072.06913828
3076.87040748
3081.67167669
3086.47294589
3091.2742151
3096.0754843
3100.87675351
3105.67802271
3110.47929192
3115.28056112
3120.08183033
3124.88309953
3129.68436874
3134.48563794
3139.28690715
3144.08817635
3148.88944556
3153.69071476
3158.49198397
3163.29325317
3168.09452238
3172.89579158
3177.69706079
3182.49832999
3187.2995992
3192.1008684
3196.90213761
3201.70340681
3206.50467602
3211.30594522
3216.10721443
3220.90848363
3225.70975284
3230.51102204
3235.31229125
3240.11356045
3244.91482966
3249.71609886
3254.51736807
3259.31863727
3264.11990648
3268.92117568
3273.72244489
3278.52371409
3283.3249833
3288.12625251
3292.92752171
3297.72879092
3302.53006012
3307.33132933
3312.13259853
3316.93386774
3321.73513694
3326.53640615
3331.33767535
3336.13894456
3340.94021376
3345.74148297
3350.54275217
3355.34402138
3360.14529058
3364.94655979
3369.74782899
3374.5490982
3379.3503674
3384.15163661
3388.95290581
3393.75417502
3398.55544422
3403.35671343
3408.15798263
3412.95925184
3417.76052104
3422.56179025
3427.36305945
3432.16432866
3436.96559786
3441.76686707
3446.56813627
3451.36940548
3456.17067468
3460.97194389
3465.77321309
3470.5744823
3475.3757515
3480.17702071
3484.97828991
3489.77955912
3494.58082832
3499.38209753
3504.18336673
3508.98463594
3513.78590514
3518.58717435
3523.38844355
3528.18971276
3532.99098196
3537.79225117
3542.59352037
3547.39478958
3552.19605878
3556.99732799
3561.79859719
3566.5998664
3571.4011356
3576.20240481
3581.00367401
3585.80494322
3590.60621242
3595.40748163
3600.20875084
3605.01002004
3609.81128925
3614.61255845
3619.41382766
3624.21509686
3629.01636607
3633.81763527
3638.61890448
3643.42017368
3648.22144289
3653.02271209
3657.8239813
3662.6252505
3667.42651971
3672.22778891
3677.02905812
3681.83032732
3686.63159653
3691.43286573
3696.23413494
3701.03540414
3705.83667335
3710.63794255
3715.43921176
3720.24048096
3725.04175017
3729.84301937
3734.64428858
3739.44555778
3744.24682699
3749.04809619
3753.8493654
3758.6506346
3763.45190381
3768.25317301
3773.05444222
3777.85571142
3782.65698063
3787.45824983
3792.25951904
3797.06078824
3801.86205745
3806.66332665
3811.46459586
3816.26586506
3821.06713427
3825.86840347
3830.66967268
3835.47094188
3840.27221109
3845.07348029
3849.8747495
3854.6760187
3859.47728791
3864.27855711
3869.07982632
3873.88109552
3878.68236473
3883.48363393
3888.28490314
3893.08617234
3897.88744155
3911.07814045
3930.86053412
3950.64292779
3970.42532146
3990.20771513
4009.9901088
4029.77250247
4049.55489614
4069.33728981
4089.11968348
4108.90207715
4128.68447082
4148.46686449
4168.24925816
4188.03165183
4207.8140455
4227.59643917
4247.37883284
4267.16122651
4286.94362018
4306.72601385
4326.50840752
4346.29080119
4366.07319486
4385.85558853
4405.6379822
4425.42037587
4445.20276954
4464.9851632
4484.76755687
4504.54995054
4524.33234421
4544.11473788
4563.89713155
4583.67952522
4603.46191889
4623.24431256
4643.02670623
4662.8090999
4682.59149357
4702.37388724
4722.15628091
4741.93867458
4761.72106825
4781.50346192
4801.28585559
4821.06824926
4840.85064293
4860.6330366
4880.41543027
4900.19782394
4919.98021761
4939.76261128
4959.54500495
4979.32739862
4999.10979228
5018.89218595
5038.67457962
5058.45697329
5078.23936696
5098.02176063
5117.8041543
5137.58654797
5157.36894164
5177.15133531
5196.93372898
5216.71612265
5236.49851632
5256.28090999
5276.06330366
5295.84569733
5315.628091
5335.41048467
5355.19287834
5374.97527201
5394.75766568
5414.54005935
5434.32245302
5454.10484669
5473.88724036
5493.66963403
5513.4520277
5533.23442136
5553.01681503
5572.7992087
5592.58160237
5612.36399604
5632.14638971
5651.92878338
5671.71117705
5691.49357072
5711.27596439
5731.05835806
5750.84075173
5770.6231454
5790.40553907
5810.18793274
5829.97032641
5849.75272008
5869.53511375
5889.31750742
5909.09990109
5928.88229476
5948.66468843
5968.4470821
5988.22947577
6008.01186944
6027.79426311
6047.57665678
6067.35905045
6087.14144411
6106.92383778
6126.70623145
6146.48862512
6166.27101879
6186.05341246
6205.83580613
6225.6181998
6245.40059347
6265.18298714
6284.96538081
6304.74777448
6324.53016815
6344.31256182
6364.09495549
6383.87734916
6403.65974283
6423.4421365
6443.22453017
6463.00692384
6482.78931751
6502.57171118
6522.35410485
6542.13649852
6561.91889219
6581.70128586
6601.48367953
6621.26607319
6641.04846686
6660.83086053
6680.6132542
6700.39564787
6720.17804154
6739.96043521
6759.74282888
6779.52522255
6799.30761622
6819.09000989
6838.87240356
6858.65479723
6878.4371909
6898.21958457
6918.00197824
6937.78437191
6957.56676558
6977.34915925
6997.13155292
7016.91394659
7036.69634026
7056.47873393
7076.2611276
7096.04352127
7115.82591494
7135.60830861
7155.39070227
7175.17309594
7194.95548961
7214.73788328
7234.52027695
7254.30267062
7274.08506429
7293.86745796
7313.64985163
7333.4322453
7353.21463897
7372.99703264
7392.77942631
7412.56181998
7432.34421365
7452.12660732
7471.90900099
7491.69139466
7511.47378833
7531.256182
7551.03857567
7570.82096934
7590.60336301
7610.38575668
7630.16815035
7649.95054402
7669.73293769
7689.51533136
7709.29772502
7729.08011869
7748.86251236
7768.64490603
7788.4272997
7808.20969337
7827.99208704
7847.77448071
7867.55687438
7887.33926805
7907.12166172
7926.90405539
7946.68644906
7966.46884273
7986.2512364
8006.03363007
8025.81602374
8045.59841741
8065.38081108
8085.16320475
8104.94559842
8124.72799209
8144.51038576
8164.29277943
8184.0751731
8203.85756677
8223.63996044
8243.4223541
8263.20474777
8282.98714144
8302.76953511
8322.55192878
8342.33432245
8362.11671612
8381.89910979
8401.68150346
8421.46389713
8441.2462908
8461.02868447
8480.81107814
8500.59347181
8520.37586548
8540.15825915
8559.94065282
8579.72304649
8599.50544016
8619.28783383
8639.0702275
8658.85262117
8678.63501484
8698.41740851
8718.19980218
8737.98219585
8757.76458952
8777.54698318
8797.32937685
8817.11177052
8836.89416419
8856.67655786
8876.45895153
8896.2413452
8916.02373887
8935.80613254
8955.58852621
8975.37091988
8995.15331355
9014.93570722
9034.71810089
9054.50049456
9074.28288823
9094.0652819
9113.84767557
9133.63006924
9153.41246291
9173.19485658
9192.97725025
9212.75964392
9232.54203759
9252.32443126
9272.10682493
9291.8892186
9311.67161227
9331.45400593
9351.2363996
9371.01879327
9390.80118694
9410.58358061
9430.36597428
9450.14836795
9469.93076162
9489.71315529
9509.49554896
9529.27794263
9549.0603363
9568.84272997
9588.62512364
9608.40751731
9628.18991098
9647.97230465
9667.75469832
9687.53709199
9707.31948566
9727.10187933
9746.884273
9766.66666667
9786.44906034
9806.23145401
9826.01384768
9845.79624135
9865.57863501
9885.36102868
9905.14342235
9924.92581602
9944.70820969
9964.49060336
9984.27299703
10004.0553907
10023.8377844
10043.620178
10063.4025717
10083.1849654
10102.9673591
10122.7497527
10142.5321464
10162.3145401
10182.0969337
10201.8793274
10221.6617211
10241.4441147
10261.2265084
10281.0089021
10300.0
10300.0
10300.0
10300.0
