200.0
200.0
200.0
200.0
200.0
200.0
200.0
200.0
200.0
200.0
200.0
200.0
200.0
200.0
200.0
200.0
200.0
200.0
200.0
200.0
200.0
200.0
200.0
200.0
200.0
200.0
200.0
200.0
200.0
200.0
200.0
200.0
200.0
200.0
200.0
200.0
200.0
200.0
200.0
200.0
202.604166667
215.625
228.645833333
241.666666667
254.6875
267.708333333
280.729166667
293.75
306.770833333
319.791666667
332.8125
345.833333333
358.854166667
371.875
384.895833333
397.916666667
410.9375
423.958333333
436.979166667
450.0
463.020833333
476.041666667
489.0625
500.0
500.0
500.0
500.0
500.0
500.0
500.0
500.0
500.0
500.0
500.0
500.0
500.0
500.0
500.0
500.0
500.0
500.0
500.0
500.0
500.0
500.0
500.0
500.0
500.0
500.0
500.0
500.0
500.0
500.0
500.0
500.0
500.0
500.0
500.0
500.0
500.0
500.0
500.0
500.0
500.0
500.0
500.0
500.0
500.0
500.0
509.936908517
523.738170347
537.539432177
551.340694006
565.141955836
578.943217666
592.744479495
606.545741325
620.347003155
634.148264984
647.949526814
661.750788644
675.552050473
689.353312303
703.154574132
716.955835962
730.757097792
744.558359621
758.359621451
772.160883281
785.96214511
799.76340694
813.56466877
827.365930599
841.167192429
854.968454259
868.769716088
882.570977918
896.372239748
910.173501577
923.974763407
937.776025237
951.577287066
965.378548896
979.179810726
992.981072555
1006.78233438
1020.58359621
1034.38485804
1048.18611987
1061.9873817
1075.78864353
1089.58990536
1103.39116719
1117.19242902
1130.99369085
1144.79495268
1158.59621451
1172.39747634
1186.19873817
1200.0
1201.37665198
1202.75330396
1204.12995595
1205.50660793
1206.88325991
1208.25991189
1209.63656388
1211.01321586
1212.38986784
1213.76651982
1215.14317181
1216.51982379
1217.89647577
1219.27312775
1220.64977974
1222.02643172
1223.4030837
1224.77973568
1226.15638767
1227.53303965
1228.90969163
1230.28634361
1231.66299559
1233.03964758
1234.41629956
1235.79295154
1237.16960352
1238.54625551
1239.92290749
1241.29955947
1242.67621145
1244.05286344
1245.42951542
1246.8061674
1248.18281938
1249.55947137
1250.93612335
1252.31277533
1253.68942731
1255.0660793
1256.44273128
1257.81938326
1259.19603524
1260.57268722
1261.94933921
1263.32599119
1264.70264317
1266.07929515
1267.45594714
1268.83259912
1270.2092511
1271.58590308
1272.96255507
1274.33920705
1275.71585903
1277.09251101
1278.469163
1279.84581498
1281.22246696
1282.59911894
1283.97577093
1285.35242291
1286.72907489
1288.10572687
1289.48237885
1290.85903084
1292.23568282
1293.6123348
1294.98898678
1296.36563877
1297.74229075
1299.11894273
1302.31958763
1308.7628866
1315.20618557
1321.64948454
1328.09278351
1334.53608247
1340.97938144
1347.42268041
1353.86597938
1360.30927835
1366.75257732
1373.19587629
1379.63917526
1386.08247423
1392.5257732
1398.96907216
1405.41237113
1411.8556701
1418.29896907
1424.74226804
1431.18556701
1437.62886598
1444.07216495
1450.51546392
1456.95876289
1463.40206186
1469.84536082
1476.28865979
1482.73195876
1489.17525773
1495.6185567
1502.06185567
1508.50515464
1514.94845361
1521.39175258
1527.83505155
1534.27835052
1540.72164948
1547.16494845
1553.60824742
1560.05154639
1566.49484536
1572.93814433
1579.3814433
1585.82474227
1592.26804124
1598.71134021
1605.15463918
1611.59793814
1618.04123711
1624.48453608
1630.92783505
1637.37113402
1643.81443299
1650.25773196
1656.70103093
1663.1443299
1669.58762887
1676.03092784
1682.4742268
1688.91752577
1695.36082474
1701.80412371
1708.24742268
1714.69072165
1721.13402062
1727.57731959
1734.02061856
1740.46391753
1746.90721649
1753.35051546
1759.79381443
1766.2371134
1772.68041237
1779.12371134
1785.56701031
1792.01030928
1798.45360825
1804.89690722
1811.34020619
1817.78350515
1824.22680412
1830.67010309
1837.11340206
1843.55670103
1850.0
1856.44329897
1862.88659794
1869.32989691
1875.77319588
1882.21649485
1888.65979381
1895.10309278
1901.54639175
1907.98969072
1914.43298969
1920.87628866
1927.31958763
1933.7628866
1940.20618557
1946.64948454
1953.09278351
1959.53608247
1965.97938144
1972.42268041
1978.86597938
1985.30927835
1991.75257732
1998.19587629
2004.63917526
2011.08247423
2017.5257732
2023.96907216
2030.41237113
2036.8556701
2043.29896907
2049.74226804
2056.18556701
2062.62886598
2069.07216495
2075.51546392
2081.95876289
2088.40206186
2094.84536082
2101.02344622
2106.14067734
2111.25790845
2116.37513956
2121.49237067
2126.60960179
2131.7268329
2136.84406401
2141.96129512
2147.07852624
2152.19575735
2157.31298846
2162.43021958
2167.54745069
2172.6646818
2177.78191291
2182.89914403
2188.01637514
2193.13360625
2198.25083737
2203.36806848
2208.48529959
2213.6025307
2218.71976182
2223.83699293
2228.95422404
2234.07145515
2239.18868627
2244.30591738
2249.42314849
2254.54037961
2259.65761072
2264.77484183
2269.89207294
2275.00930406
2280.12653517
2285.24376628
2290.36099739
2295.47822851
2300.59545962
2305.71269073
2310.82992185
2315.94715296
2321.06438407
2326.18161518
2331.2988463
2336.41607741
2341.53330852
2346.65053964
2351.76777075
2356.88500186
2362.00223297
2367.11946409
2372.2366952
2377.35392631
2382.47115742
2387.58838854
2392.70561965
2397.82285076
2402.94008188
2408.05731299
2413.1745441
2418.29177521
2423.40900633
2428.52623744
2433.64346855
2438.76069967
2443.87793078
2448.99516189
2454.112393
2459.22962412
2464.34685523
2469.46408634
2474.58131745
2479.69854857
2484.81577968
2489.93301079
2495.05024191
2500.16747302
2505.28470413
2510.40193524
2515.51916636
2520.63639747
2525.75362858
2530.87085969
2535.98809081
2541.10532192
2546.22255303
2551.33978415
2556.45701526
2561.57424637
2566.69147748
2571.8087086
2576.92593971
2582.04317082
2587.16040194
2592.27763305
2597.39486416
2602.51209527
2607.62932639
2612.7465575
2617.86378861
2622.98101972
2628.09825084
2633.21548195
2638.33271306
2643.44994418
2648.56717529
2653.6844064
2658.80163751
2663.91886863
2669.03609974
2674.15333085
2679.27056197
2684.38779308
2689.50502419
2694.6222553
2699.73948642
2704.85671753
2709.97394864
2715.09117975
2720.20841087
2725.32564198
2730.44287309
2735.56010421
2740.67733532
2745.79456643
2750.91179754
2756.02902866
2761.14625977
2766.26349088
2771.38072199
2776.49795311
2781.61518422
2786.73241533
2791.84964645
2796.96687756
2802.08410867
2807.20133978
2812.3185709
2817.43580201
2822.55303312
2827.67026424
2832.78749535
2837.90472646
2843.02195757
2848.13918869
2853.2564198
2858.37365091
2863.49088202
2868.60811314
2873.72534425
2878.84257536
2883.95980648
2889.07703759
2894.1942687
2899.31149981
2904.42873093
2909.54596204
2914.66319315
2919.78042426
2924.89765538
2930.01488649
2935.1321176
2940.24934872
2945.36657983
2950.48381094
2955.60104205
2960.71827317
2965.83550428
2970.95273539
2976.06996651
2981.18719762
2986.30442873
2991.42165984
2996.53889096
3001.65612207
3006.77335318
3011.89058429
3017.00781541
3022.12504652
3027.24227763
3032.35950875
3037.47673986
3042.59397097
3047.71120208
3052.8284332
3057.94566431
3063.06289542
3068.18012654
3073.29735765
3078.41458876
3083.53181987
3088.64905099
3093.7662821
3098.88351321
3104.00074432
3109.11797544
3114.23520655
3119.35243766
3124.46966878
3129.58689989
3134.704131
3139.82136211
3144.93859323
3150.05582434
3155.17305545
3160.29028656
3165.40751768
3170.52474879
3175.6419799
3180.75921102
3185.87644213
3190.99367324
3196.11090435
3201.22813547
3206.34536658
3211.46259769
3216.57982881
3221.69705992
3226.81429103
3231.93152214
3237.04875326
3242.16598437
3247.28321548
3252.40044659
3257.51767771
3262.63490882
3267.75213993
3272.86937105
3277.98660216
3283.10383327
3288.22106438
3293.3382955
3298.45552661
3303.57275772
3308.68998884
3313.80721995
3318.92445106
3324.04168217
3329.15891329
3334.2761444
3339.39337551
3344.51060662
3349.62783774
3354.74506885
3359.86229996
3364.97953108
3370.09676219
3375.2139933
3380.33122441
3385.44845553
3390.56568664
3395.68291775
3400.80014886
3405.91737998
3411.03461109
3416.1518422
3421.26907332
3426.38630443
3431.50353554
3436.62076665
3441.73799777
3446.85522888
3451.97245999
3457.08969111
3462.20692222
3467.32415333
3472.44138444
3477.55861556
3482.67584667
3487.79307778
3492.91030889
3498.02754001
3503.14477112
3508.26200223
3513.37923335
3518.49646446
3523.61369557
3528.73092668
3533.8481578
3538.96538891
3544.08262002
3549.19985114
3554.31708225
3559.43431336
3564.55154447
3569.66877559
3574.7860067
3579.90323781
3585.02046892
3590.13770004
3595.25493115
3600.37216226
3605.48939338
3610.60662449
3615.7238556
3620.84108671
3625.95831783
3631.07554894
3636.19278005
3641.31001116
3646.42724228
3651.54447339
3656.6617045
3661.77893562
3666.89616673
3672.01339784
3677.13062895
3682.24786007
3687.36509118
3692.48232229
3697.59955341
3702.71678452
3707.83401563
3712.95124674
3718.06847786
3723.18570897
3728.30294008
3733.42017119
3738.53740231
3743.65463342
3748.77186453
3753.88909565
3759.00632676
3764.12355787
3769.24078898
3774.3580201
3779.47525121
3784.59248232
3789.70971344
3794.82694455
3799.94417566
3805.06140677
3810.17863789
3815.295869
3820.41310011
3825.53033122
3830.64756234
3835.76479345
3840.88202456
3845.99925568
3851.11648679
3856.2337179
3861.35094901
3866.46818013
3871.58541124
3876.70264235
3881.81987346
3886.93710458
3892.05433569
3897.1715668
3902.28879792
3907.40602903
3912.52326014
3917.64049125
3922.75772237
3927.87495348
3932.99218459
3938.10941571
3943.22664682
3948.34387793
3953.46110904
3958.57834016
3963.69557127
3968.81280238
3973.93003349
3979.04726461
3984.16449572
3989.28172683
3994.39895795
3999.51618906
4004.63342017
4009.75065128
4014.8678824
4019.98511351
4025.10234462
4030.21957574
4035.33680685
4040.45403796
4045.57126907
4050.68850019
4055.8057313
4060.92296241
4066.04019352
4071.15742464
4076.27465575
4081.39188686
4086.50911798
4091.62634909
4096.7435802
4101.86081131
4106.97804243
4112.09527354
4117.21250465
4122.32973576
4127.44696688
4132.56419799
4137.6814291
4142.79866022
4147.91589133
4153.03312244
4158.15035355
4163.26758467
4168.38481578
4173.50204689
4178.61927801
4183.73650912
4188.85374023
4193.97097134
4199.08820246
4204.20543357
4209.32266468
4214.43989579
4219.55712691
4224.67435802
4229.79158913
4234.90882025
4240.02605136
4245.14328247
4250.26051358
4255.3777447
4260.49497581
4265.61220692
4270.72943803
4275.84666915
4280.96390026
4286.08113137
4291.19836249
4296.3155936
4305.74847489
4326.27874237
4346.80900985
4367.33927733
4387.86954481
4408.39981229
4428.93007977
4449.46034725
4469.99061473
4490.52088221
4511.05114969
4531.58141718
4552.11168466
4572.64195214
4593.17221962
4613.7024871
4634.23275458
4654.76302206
4675.29328954
4695.82355702
4716.3538245
4736.88409198
4757.41435946
4777.94462694
4798.47489442
4819.0051619
4839.53542938
4860.06569686
4880.59596434
4901.12623182
4921.6564993
4942.18676678
4962.71703426
4983.24730174
5003.77756922
5024.3078367
5044.83810418
5065.36837166
5085.89863914
5106.42890662
5126.9591741
5147.48944158
5168.01970906
5188.54997654
5209.08024402
5229.6105115
5250.14077898
5270.67104646
5291.20131394
5311.73158142
5332.2618489
5352.79211638
5373.32238386
5393.85265134
5414.38291882
5434.9131863
5455.44345378
5475.97372126
5496.50398874
5517.03425622
5537.5645237
5558.09479118
5578.62505866
5599.15532614
5619.68559362
5640.2158611
5660.74612858
5681.27639606
5701.80666354
5722.33693102
5742.8671985
5763.39746598
5783.92773346
5804.45800094
5824.98826842
5845.5185359
5866.04880338
5886.57907086
5907.10933834
5927.63960582
5948.1698733
5968.70014078
5989.23040826
6009.76067574
6030.29094322
6050.8212107
6071.35147818
6091.88174566
6112.41201314
6132.94228062
6153.4725481
6174.00281558
6194.53308306
6215.06335054
6235.59361802
6256.1238855
6276.65415298
6297.18442046
6317.71468794
6338.24495542
6358.7752229
6379.30549038
6399.83575786
6420.36602534
6440.89629282
6461.4265603
6481.95682778
6502.48709526
6523.01736274
6543.54763022
6564.0778977
6584.60816518
6605.13843266
6625.66870014
6646.19896762
6666.7292351
6687.25950258
6707.78977006
6728.32003754
6748.85030502
6769.3805725
6789.91083998
6810.44110746
6830.97137494
6851.50164242
6872.0319099
6892.56217738
6913.09244486
6933.62271234
6954.15297982
6974.6832473
6995.21351478
7015.74378226
7036.27404974
7056.80431722
7077.3345847
7097.86485218
7118.39511966
7138.92538714
7159.45565462
7179.9859221
7200.51618958
7221.04645706
7241.57672454
7262.10699202
7282.6372595
7303.16752698
7323.69779446
7344.22806194
7364.75832942
7385.2885969
7405.81886438
7426.34913186
7446.87939934
7467.40966682
7487.9399343
7508.47020178
7529.00046926
7549.53073674
7570.06100422
7590.5912717
7611.12153918
7631.65180666
7652.18207414
7672.71234162
7693.2426091
7713.77287658
7734.30314406
7754.83341154
7775.36367902
7795.8939465
7816.42421398
7836.95448146
7857.48474894
7878.01501642
7898.5452839
7919.07555138
7939.60581886
7960.13608634
7980.66635382
8001.1966213
8021.72688878
8042.25715626
8062.78742374
8083.31769122
8103.8479587
8124.37822618
8144.90849366
8165.43876115
8185.96902863
8206.49929611
8227.02956359
8247.55983107
8268.09009855
8288.62036603
8309.15063351
8329.68090099
8350.21116847
8370.74143595
8391.27170343
8411.80197091
8432.33223839
8452.86250587
8473.39277335
8493.92304083
8514.45330831
8534.98357579
8555.51384327
8576.04411075
8596.57437823
8617.10464571
8637.63491319
8658.16518067
8678.69544815
8699.22571563
8719.75598311
8740.28625059
8760.81651807
8781.34678555
8801.87705303
8822.40732051
8842.93758799
8863.46785547
8883.99812295
8904.52839043
8925.05865791
8945.58892539
8966.11919287
8986.64946035
9007.17972783
9027.70999531
9048.24026279
9068.77053027
9089.30079775
9109.83106523
9130.36133271
9150.89160019
9171.42186767
9191.95213515
9212.48240263
9233.01267011
9253.54293759
9274.07320507
9294.60347255
9315.13374003
9335.66400751
9356.19427499
9376.72454247
9397.25480995
9417.78507743
9438.31534491
9458.84561239
9479.37587987
9499.90614735
9520.43641483
9540.96668231
9561.49694979
9582.02721727
9602.55748475
9623.08775223
9643.61801971
9664.14828719
9684.67855467
9705.20882215
9725.73908963
9746.26935711
9766.79962459
9787.32989207
9807.86015955
9828.39042703
9848.92069451
9869.45096199
9889.98122947
9910.51149695
9931.04176443
9951.57203191
9972.10229939
9992.63256687
10013.1628344
10033.6931018
10054.2233693
10074.7536368
10095.2839043
10115.8141718
10136.3444392
10156.8747067
10177.4049742
10197.9352417
10218.4655092
10238.9957766
10259.5260441
10280.0563116
10300.5865791
10321.1168466
10341.647114
10362.1773815
10382.707649
10403.2379165
10423.768184
10444.2984514
10464.8287189
10485.3589864
10505.8892539
10526.4195214
10546.9497888
10567.4800563
10588.0103238
10608.5405913
10629.0708588
10649.6011262
10670.1313937
10690.6616612
10711.1919287
10731.7221962
10752.2524636
10772.7827311
10793.3129986
10813.8432661
10834.3735336
10854.903801
10875.4340685
10895.964336
10916.4946035
10937.024871
10957.5551384
10978.0854059
10998.6156734
11019.1459409
11039.6762084
11060.2064758
11080.7367433
11101.2670108
11121.7972783
11142.3275458
11162.8578132
11183.3880807
11203.9183482
11224.4486157
11244.9788832
11265.5091506
11286.0394181
13526.6666667
20485.0
27443.3333333
29326.9230769
30769.2307692
32211.5384615
33653.8461538
35096.1538462
36538.4615385
37980.7692308
39423.0769231
40865.3846154
42307.6923077
43750.0
45192.3076923
46634.6153846
48076.9230769
49519.2307692
50961.5384615
52403.8461538
53846.1538462
55288.4615385
56730.7692308
58173.0769231
59615.3846154
61057.6923077
62500.0
63942.3076923
65384.6153846
66826.9230769
68269.2307692
69711.5384615
71153.8461538
72596.1538462
74038.4615385
75480.7692308
76923.0769231
78365.3846154
79807.6923077
81250.0
82692.3076923
84134.6153846
85576.9230769
87019.2307692
88461.5384615
89903.8461538
91346.1538462
92788.4615385
94230.7692308
95673.0769231
97115.3846154
98557.6923077
100000
